56895.368 14.181 1.125
56897.366 14.062 0.992
56898.358 14.072 0.126
56899.358 13.936 0.103
56900.385 13.822 0.206
56903.344 13.398 0.170
56906.327 13.644 1.015
56907.343 13.171 0.338
56908.330 12.972 0.207
56909.325 12.936 0.169
56910.333 12.685 0.216
56911.312 12.409 0.167
56912.377 12.559 0.275
56920.377 12.421 0.470
56925.375 12.915 1.710
56926.373 12.278 0.073
56927.369 12.678 1.375
56928.367 12.781 1.636
56929.364 12.462 1.968
56930.361 12.110 0.964
56936.336 11.719 0.087
56937.335 11.379 0.082
56938.334 11.604 0.216
56939.334 11.614 0.101
56941.330 11.726 0.606
56943.325 11.512 0.324
56944.352 11.690 0.106
56946.374 11.553 0.623
56950.347 11.419 0.075
56953.332 11.336 0.105
56956.323 10.953 0.244
56957.321 10.998 0.335
56958.321 11.124 0.150
56959.313 11.245 0.061
56960.311 11.058 0.142
56961.314 10.991 0.106
56964.273 10.752 0.058
56965.272 10.561 0.107
56966.310 11.078 0.074
56967.265 10.639 0.116
56968.306 10.312 0.065
56969.261 10.610 0.174
56970.352 10.306 0.534
56972.202 10.542 0.126
56973.287 10.236 0.089
56974.284 10.218 0.089
56975.258 10.271 0.131
56978.251 10.072 0.081
56979.248 10.185 0.071
56980.246 10.361 0.118
56981.243 10.487 0.063
56982.240 10.068 0.079
56983.237 10.395 0.104
56984.235 10.201 0.084
56985.231 10.076 0.111
56986.222 10.366 0.087
56987.215 10.097 0.115
56988.211 10.001 0.078
56989.211 10.059 0.075
56990.230 10.189 0.125
56991.199 10.339 0.095
56994.243 10.704 0.109
56999.226 10.514 0.114
57000.196 10.972 0.131
57003.220 11.224 0.107
57005.216 11.152 0.156
57006.198 11.418 0.095
57008.191 11.303 0.076
57009.205 11.104 0.147
57010.192 10.952 0.098
57011.188 11.073 0.067
57032.126 11.114 0.272
57035.126 11.888 0.510
57038.123 11.877 0.182
57040.123 12.036 0.096
57041.122 12.062 0.259
57042.122 12.091 0.320
57047.059 12.379 0.145
57049.023 12.385 0.142
57050.022 12.709 0.348
57054.020 12.528 0.448
57056.067 12.495 0.171
57057.020 12.402 0.160
57058.020 12.230 0.150
57059.019 12.238 0.113
57060.019 12.056 0.134
57065.016 12.006 0.177
57066.016 11.910 0.091
57067.052 11.936 0.101
57068.014 12.211 0.091
57069.014 12.048 0.127
57070.013 12.290 0.128
57071.013 12.115 0.121
57074.011 12.205 0.155
57075.010 11.823 0.103
57076.010 11.918 0.143
57077.009 11.943 0.107
57078.008 11.766 0.106
57080.008 12.338 0.239
57081.007 11.772 0.143
57082.006 11.801 0.138
57083.005 12.166 0.237
57084.004 12.012 0.236
57085.004 11.916 0.175
57088.002 12.007 0.160
57089.002 12.032 0.126
57092.004 11.871 0.165
57093.997 11.964 0.156
