56895.386 22.349 0.523
56897.384 22.836 0.557
56898.411 21.820 0.174
56899.412 21.970 0.193
56903.397 21.178 0.170
56904.369 21.590 0.328
56906.380 21.114 0.199
56907.396 21.341 0.286
56908.383 21.134 0.194
56909.377 20.821 0.306
56910.386 20.735 0.162
56911.365 20.236 0.131
56958.365 18.534 0.154
56959.357 18.945 0.138
56960.355 18.386 0.169
56961.358 18.652 0.127
56964.317 18.643 0.102
56965.316 18.259 0.088
56966.353 18.453 0.198
56967.309 18.294 0.161
56968.349 18.161 0.127
56969.304 18.362 0.147
56972.246 18.045 0.165
56973.331 18.068 0.099
56974.327 18.057 0.107
56975.302 17.699 0.118
56978.294 17.583 0.104
56979.291 17.979 0.079
56980.289 18.079 0.089
56981.286 18.380 0.170
56982.284 17.920 0.151
56983.281 18.163 0.110
56984.278 18.024 0.168
56985.275 17.502 0.101
56986.266 18.012 0.098
56987.258 17.684 0.102
56989.254 17.717 0.120
56990.273 18.006 0.113
56991.242 18.217 0.108
