56898.376 21.622 0.257
56899.377 21.777 0.197
56900.404 21.343 0.201
56903.362 20.927 0.172
56906.345 20.843 0.608
56907.361 20.881 0.681
56908.348 20.474 0.174
56909.342 20.385 0.392
56910.351 20.164 0.168
56911.330 20.190 0.212
56912.395 19.570 0.311
56920.400 19.850 1.169
56926.395 19.916 0.111
56930.383 19.697 0.952
56938.357 18.713 0.413
56939.357 18.844 0.158
56941.353 18.877 0.528
56943.348 18.849 0.310
56944.374 18.759 0.166
56950.369 18.611 0.147
56953.355 18.513 0.087
56956.345 18.273 0.280
56957.344 18.237 0.453
56958.343 18.219 0.117
56959.335 18.136 0.091
56960.333 18.015 0.174
56961.336 18.086 0.106
56964.295 17.957 0.106
56965.294 17.706 0.141
56966.332 17.789 0.146
56967.287 17.741 0.112
56968.328 17.582 0.124
56969.283 17.573 0.148
56972.224 17.354 0.382
56973.309 17.420 0.141
56974.306 17.627 0.201
56975.280 17.211 0.129
56978.273 17.110 0.122
56979.270 17.157 0.105
56980.268 17.451 0.145
56981.265 17.343 0.086
56982.262 17.244 0.093
56983.259 17.384 0.070
56984.257 17.387 0.092
56985.253 17.244 0.094
56986.244 17.207 0.150
56987.237 16.910 0.102
56988.233 17.423 0.178
56989.233 17.246 0.112
56990.252 17.537 0.175
56991.221 17.439 0.072
56994.265 17.666 0.101
56999.251 17.817 0.139
57000.221 17.974 0.097
57003.245 18.289 0.127
57005.241 18.381 0.107
57006.223 18.510 0.162
57008.216 18.253 0.105
57009.229 18.307 0.110
57010.216 18.282 0.121
57011.213 18.236 0.190
57032.151 18.344 0.372
57035.152 18.429 0.155
57038.148 18.635 0.102
57040.148 19.069 0.203
57041.147 18.971 0.337
57042.147 18.932 0.308
57047.084 19.164 0.181
57050.049 19.934 0.668
57056.093 19.320 0.272
57057.045 19.599 0.161
57058.045 19.450 0.215
57059.044 19.520 0.247
57060.044 19.610 0.087
57065.041 19.462 0.300
57066.041 19.356 0.192
57067.077 19.200 0.179
57068.040 19.302 0.138
57069.039 19.536 0.197
57070.039 19.282 0.296
57071.038 19.155 0.158
57075.036 19.221 0.098
57076.035 19.152 0.146
57078.034 19.225 0.214
57081.032 19.313 0.350
57082.031 19.240 0.125
57083.031 19.129 0.210
57084.030 19.262 0.145
57085.029 19.053 0.185
57087.002 19.206 0.167
57090.002 19.122 0.087
57092.998 19.120 0.110
57095.996 19.486 0.100
