56898.394 16.212 0.132
56899.395 16.316 0.169
56900.422 16.141 0.351
56903.380 15.630 0.105
56904.354 15.907 0.378
56906.363 15.411 0.171
56907.379 15.558 0.267
56908.366 15.453 0.143
56909.360 15.021 0.256
56910.369 14.903 0.130
56911.348 14.715 0.135
56959.379 13.353 0.246
56961.380 13.281 0.178
56964.338 13.128 0.107
56965.338 12.806 0.092
56967.330 12.974 0.117
56969.326 12.530 0.139
56991.264 12.673 0.092
57008.240 13.279 0.077
57010.241 13.306 0.095
57011.237 13.337 0.141
57032.176 13.248 0.147
57035.177 13.444 0.154
57038.172 14.100 0.178
57047.108 14.526 0.112
57050.073 14.675 0.290
57056.117 14.452 0.252
57057.070 14.378 0.141
57058.070 14.255 0.069
57059.069 14.289 0.109
57060.069 14.315 0.132
57065.069 14.238 0.138
57066.066 14.138 0.088
57068.065 14.272 0.068
57069.064 14.350 0.111
57070.064 14.320 0.078
57071.063 14.176 0.086
57074.037 14.262 0.129
57077.034 13.877 0.118
57086.003 13.998 0.102
57091.003 14.122 0.106
57094.997 14.448 0.123
56898.378 16.589 0.187
56900.322 16.113 0.111
56902.367 15.491 0.276
56909.365 15.038 0.291
56910.310 14.989 0.238
56911.354 14.540 0.206
56920.261 14.718 0.118
56927.240 14.862 0.186
56928.240 14.630 0.160
56929.240 14.401 0.162
56930.230 14.200 0.210
56931.262 14.182 0.113
56932.304 14.124 0.149
56936.268 13.896 0.227
56937.268 13.826 0.182
56938.323 13.795 0.305
56941.267 13.982 0.304
56942.268 14.299 0.295
56943.261 13.797 0.214
56944.261 13.982 0.206
56949.247 14.184 0.203
56950.210 13.531 0.173
56951.199 13.817 0.111
56951.308 13.562 0.231
56953.227 13.331 0.170
56955.206 13.241 0.114
56956.206 13.357 0.144
56957.206 13.273 0.129
56958.342 13.152 0.281
56959.205 13.337 0.109
56960.206 13.181 0.233
56961.206 13.270 0.137
56962.206 12.991 0.138
56963.220 13.235 0.112
56964.205 13.116 0.130
56965.192 12.746 0.192
56966.192 12.955 0.132
56967.175 12.995 0.178
56968.175 12.542 0.277
56969.175 12.830 0.297
56970.329 13.242 0.394
56972.175 12.588 0.164
56973.175 12.755 0.180
56974.174 12.586 0.102
56975.174 12.501 0.158
56976.184 12.776 0.141
56978.177 12.378 0.108
56979.175 12.389 0.116
56980.172 12.511 0.133
56981.169 12.370 0.138
56982.166 12.507 0.117
56983.163 12.474 0.127
56984.160 12.379 0.105
56999.121 13.005 0.239
57013.083 12.998 0.160
